archivo_original,archivo_destino,semana,finca,bloque,muestra_idx,fecha,duracion_s,fps,ancho,alto,tamano_mb,veredicto_qc,problemas_qc,conteo_RC,conteo_SS,conteo_AP,conteo_CO,conteo_total
DJI_20260821125522_0057_D_LR01.MP4,Flores Tenjo\8\DJI_20260821125522_0057_D_LR01.MP4,S34,Flores Tenjo,8,57,2026-08-22,34.87,29.97,1920,1080,130.58,,,52,47,90,3,192
