archivo_original,archivo_destino,semana,finca,bloque,muestra_idx,fecha,duracion_s,fps,ancho,alto,tamano_mb,veredicto_qc,problemas_qc,conteo_RC,conteo_SS,conteo_AP,conteo_CO,conteo_total
DJI_20260724124407_0050_D_LR01.MP4,Flores de Tenjo\26\DJI_20260724124407_0050_D_LR01.MP4,S30,Flores de Tenjo,26,50,2026-07-25,30.1,29.97,1920,1080,113.77,,,2,94,120,2,218
