archivo_original,archivo_destino,semana,finca,bloque,muestra_idx,fecha,duracion_s,fps,ancho,alto,tamano_mb,veredicto_qc,problemas_qc,conteo_RC,conteo_SS,conteo_AP,conteo_CO,conteo_total
DJI_20260730131620_0244_D_LR01.MP4,Flores de Tenjo\9\DJI_20260730131620_0244_D_LR01.MP4,S31,Flores de Tenjo,9,63,2026-07-30,30.93,29.97,1920,1080,116.8,,,104,129,118,0,351
