archivo_original,archivo_destino,semana,finca,bloque,muestra_idx,fecha,duracion_s,fps,ancho,alto,tamano_mb,veredicto_qc,problemas_qc,conteo_RC,conteo_SS,conteo_AP,conteo_CO,conteo_total
DJI_20260611104546_0238_D.MP4,Flores Tenjo\34\DJI_20260611104546_0238_D.MP4,S25,Flores Tenjo,34,85,2026-06-17,27.03,29.97,1920,1080,102.19,,,11,66,122,3,202
